----------------------best params----------------------
   round_epochs  val_loss   val_acc      loss       acc            ...             second_neuron  dropout  pool_size  activation                    losses
0            15  2.931181  0.101964  2.905227  0.111345            ...                       128      0.5          2     sigmoid  categorical_crossentropy
1            14  0.663133  0.793265  0.119784  0.971462            ...                       128      0.0          2     softmax  categorical_crossentropy
2            17  0.011207  0.565014  0.009566  0.590409            ...                        16      0.5          2        relu                   logcosh
3            16  0.009502  0.655753  0.003452  0.883041            ...                        64      0.0          2        relu                   logcosh
4            10  0.017342  0.101964  0.017313  0.111345            ...                        64      0.5          2     sigmoid                   logcosh

[5 rows x 11 columns]
    val_loss val_acc loss acc  acc_epoch    loss_epoch
1         11      14   14  14   0.008120  1.073869e-04
2         10      11   13  13   0.005652  9.473778e-02
3         13      13   15  15   0.012543  3.362241e-03
4         12      12   15  15   0.004432  5.347158e-02
5          6       9    9   9   0.011124  3.849136e-06
6          9       8   11  11   0.005106  2.606019e-01
7         17      20   18  20   0.015015  1.862036e-03
8          0       3    1   3   0.000110  3.649524e-08
9         23      17   25  25   0.016208  1.555226e-03
10        17      16   20  20   0.008045  2.693869e-02
11        11       4   12  12   0.008675  1.217437e-04
12        12      12   15  15   0.005025  1.383927e-01
13         7       8   10  10   0.004693  6.135424e-02
14         7      10   10  10   0.007899  3.290690e-03
15        11      14   14  14   0.013720  4.910629e-05
16        12      12   15  15   0.008522  2.035713e-02
17         4       3    7   6   0.009250  1.177053e-03
18         6       6    9   9   0.006901  7.597517e-02
19         6       9    9   1   0.014256  2.661780e-06
20         6       9    9   9   0.023824  2.507999e-06
21        14      14   17  16   0.007125  1.003345e-02
22        19      21   22  22   0.003991  2.998347e-02
23        11      14   14  14   0.015098  4.962398e-05
24         5       5    8   8   0.005465  8.392223e-02
25        30      14   33  33   0.004384  2.322181e-04
26         6       9    9   9   0.012916  2.837618e-06
27        21      22   24  24   0.006970  2.510962e-03
28        16      12   19  19   0.013344  5.650148e-03
29        19      19   22  22   0.004567  1.801251e-02
30        15      14   18  18   0.009081  1.985322e-01
..       ...     ...  ...  ..        ...           ...
421       14      14   17  16   0.005384  7.839024e-02
422       21      22   24  24   0.001412  2.249930e-02
423        8      10   11  11   0.002491  7.136210e-02
424        6       9    9   9   0.021897  2.486832e-06
425       26      26   29  29   0.008713  1.690295e-03
426        6       9    9   9   0.023329  2.462390e-06
427       23      26   26  26   0.006088  8.297352e-03
428       19      15   21  13   0.002493  1.242325e-03
429       10      13   13  13   0.010818  8.839099e-05
430        8      10   11  11   0.030482  7.247730e-03
431        6       9    9   9   0.013707  2.995039e-06
432       31      34   34  34   0.003408  4.996967e-04
433       17      20   20  20   0.009591  9.568137e-03
434        8      10   11  11   0.003450  2.000503e-02
435        6       9    9   9   0.022604  2.206600e-06
436        7      10   10  10   0.014931  9.762674e-02
437       11      14   14  14   0.015582  5.126471e-05
438       13      15   16  16   0.001708  2.245323e-02
439       14      13   17  17   0.002688  2.992948e-03
440       30      30   33  33   0.005558  4.150156e-02
441       13      15   16  16   0.007356  9.083420e-03
442       28      28   31  31   0.003929  4.564760e-04
443       13      15   16  16   0.005534  2.551879e-02
444       12      15   15  15   0.023575  5.348093e-05
445       15      17   18  18   0.007888  1.503710e-02
446       14      17   17  17   0.006173  1.320085e-02
447       29      24   32  32   0.002487  9.725110e-03
448       10       0   13  13   0.029667  1.109440e-04
449        6       9    9   9   0.031741  3.026064e-06
450       11      14   14  14   0.012308  5.347511e-05

[450 rows x 6 columns]
random_method          uniform_mersenne
reduction_method                   None
reduction_interval                   50
reduction_window                     20
grid_downsample                       1
reduction_threshold                 0.2
reduction_metric                val_acc
reduce_loss                       False
experiment_name                   HAR_2
complete_time            06/13/19/15:26
x_shape                  (5344, 19, 83)
y_shape                      (5344, 24)
dtype: object

Process finished with exit code 0

