----------------------best params----------------------
   round_epochs  val_loss   val_acc      loss       acc  first_neuron  second_neuron  pool_size activation                    losses
0            50  2.861235  0.127005  2.900456  0.104612           256             16          2    sigmoid  categorical_crossentropy
1            20  0.017238  0.127005  0.017305  0.104612            64             16          2    sigmoid                   logcosh
2            14  0.138311  0.955882  0.020037  0.998997            16             16          2       relu  categorical_crossentropy
3            28  0.359988  0.913102  0.089546  0.979612            16              4          2       relu  categorical_crossentropy
4            16  0.001966  0.935829  0.001291  0.958556           128            256          2    sigmoid                   logcosh
    val_loss val_acc loss acc     acc_epoch    loss_epoch
1         49      49   49  49  6.515472e-06  8.262579e-07
2         16      19   17  19  1.015263e-04  4.833817e-08
3         10      13   13  13  6.593446e-03  2.229092e-01
4         24      27   27  27  6.968681e-03  1.063848e-01
5         12      11   15  15  8.502337e-03  2.350693e-02
6         21      24   24  24  3.796791e-03  1.037524e-01
7         27      30   30  30  3.759651e-03  1.557246e-01
8         22      24   25  25  6.370095e-03  1.942336e-01
9         43      46   46  46  2.928155e-03  2.637281e-01
10         6       9    8   6  3.326992e-03  5.838417e-01
11        46      38   49  48  2.727716e-03  2.273096e-02
12        13      13   15  14  3.291546e-03  7.634202e-02
13        16      16   19  19  5.266210e-03  9.986880e-02
14         3       3    6   5  2.860258e-03  2.525443e-01
15         9       9   12  11  1.573093e-02  3.111544e-01
16        28      31   31  31  2.840769e-03  7.139300e-02
17        49      49   49  49  9.061949e-07  7.015548e-07
18        23      18   24  24  5.454826e-03  2.258283e-01
19        49      43   49  49  2.209682e-03  1.606324e-03
20        21      21   24  24  6.992039e-04  4.164755e-05
21        34      37   37  37  1.407982e-03  3.622234e-02
22        10      13   13  13  6.202242e-03  2.882981e-01
23        15      15   18  18  4.746895e-03  8.425838e-02
24        49      49   49  49  2.827681e-03  1.845681e-02
25        22      23   25  25  4.992627e-03  4.480622e-01
26         4       4    6   6  3.907275e-03  3.418052e-01
27        15      18   18  18  2.550477e-07  4.236688e-08
28        18      21   21   0  2.209477e-07  4.159145e-08
29         5       8    6   6  3.195896e-03  4.228934e-01
30        46      49   49  49  2.126279e-03  3.669086e-02
..       ...     ...  ...  ..           ...           ...
121       18      18   21  21  7.639736e-03  1.481542e-01
122        6       7    8   7  5.888096e-03  2.645048e-01
123       12      13   15  15  8.200640e-03  1.505044e-01
124       26      28   28  29  5.030609e-03  3.438168e-01
125       29      25   32  32  4.688185e-03  3.191593e-02
126       25      28   28  28  2.811896e-03  5.370205e-02
127       36      38   39  39  3.534249e-03  2.812927e-02
128       16      16   19  19  6.270517e-03  1.838496e-02
129       24      27   27  27  4.471538e-03  1.170176e-01
130       35      35   38  38  2.686932e-03  5.941078e-02
131       48      48   48  47  4.129801e-03  9.485438e-05
132       20      21   23  23  3.925451e-03  2.185974e-02
133       19      20   22  21  6.843349e-03  1.505332e-01
134       15      18   17  18  4.108483e-06  4.244436e-08
135       20      20   23  23  5.233191e-03  5.446844e-02
136       49      49   49  49  1.030715e-03  1.378790e-05
137       17      17   20  20  5.743675e-03  1.695140e-02
138       22      22   25  25  5.052964e-03  5.914416e-02
139        4       4    7   7  3.788582e-03  6.003076e-01
140       45      44   46  46  9.937765e-04  5.049383e-04
141       48      49   49  49  1.827117e-03  3.814093e-02
142       49      49   49  49  6.515472e-06  8.514530e-07
143       26      29   29  29  4.247188e-03  2.101166e-01
144        7       7   10  10  3.527879e-03  1.778849e-01
145       15      13   18  18  8.504581e-03  2.463512e-01
146       29      26   32  32  4.977361e-03  1.155093e-01
147        6       6    6   7  1.747147e-03  3.174414e-01
148       49      49   49   0  8.944591e-07  7.007587e-07
149       10      10   13  13  3.065093e-03  2.603025e-01
150       49      41   49  49  3.152838e-03  2.941057e-02

[150 rows x 6 columns]
random_method          uniform_mersenne
reduction_method                   None
reduction_interval                   50
reduction_window                     20
grid_downsample                       1
reduction_threshold                 0.2
reduction_metric                val_acc
reduce_loss                       False
experiment_name                   HAR_1
complete_time            06/12/19/12:36
x_shape                  (5344, 19, 83)
y_shape                      (5344, 24)
dtype: object

